0.319
0.240
0.161
0.093
0.038
-0.006
-0.044
-0.077
-0.098
-0.104
-0.102
-0.102
-0.102
-0.098
-0.086
-0.071
-0.058
-0.052
-0.044
-0.031
-0.015
-0.004
-0.002
-0.003
0.002
0.012
0.018
0.016
0.011
0.010
0.014
0.020
0.017
0.008
0.004
0.008
0.013
0.012
0.007
0.002
0.004
0.010
0.008
-0.002
-0.009
-0.008
-0.002
-0.002
-0.011
-0.020
-0.019
-0.013
-0.013
-0.021
-0.031
-0.036
-0.036
-0.035
-0.038
-0.044
-0.041
-0.030
-0.017
-0.009
-0.004
0.003
0.014
0.025
0.032
0.030
0.027
0.030
0.036
0.036
0.028
0.022
0.021
0.022
0.020
0.009
0.001
0.000
0.003
0.006
0.003
-0.001
-0.000
0.005
0.007
0.003
-0.001
-0.002
0.002
0.004
0.001
-0.004
-0.006
-0.004
-0.001
-0.002
-0.006
-0.005
-0.002
0.002
0.003
-0.002
-0.005
-0.004
-0.004
-0.005
-0.011
-0.013
-0.011
-0.005
-0.003
-0.005
-0.006
-0.004
0.001
0.004
0.001
-0.002
-0.002
0.003
0.006
0.004
-0.000
-0.000
0.006
0.010
0.006
-0.002
-0.004
0.001
0.007
0.005
-0.003
-0.008
-0.003
0.007
0.010
0.003
-0.003
-0.000
0.007
0.010
0.006
-0.000
-0.000
0.006
0.012
0.008
-0.002
-0.008
-0.010
-0.010
-0.015
-0.022
-0.026
-0.024
-0.019
-0.015
-0.015
-0.015
-0.009
-0.001
0.006
0.007
0.005
0.007
0.012
0.016
0.013
0.010
0.008
0.012
0.013
0.011
0.014
0.028
0.057
0.098
0.140
0.167
0.170
0.137
0.058
-0.053
-0.173
-0.273
-0.325
-0.321
-0.272
-0.196
-0.112
-0.030
0.040
0.092
0.123
0.133
0.132
0.126
0.115
0.099
0.077
0.059
0.046
0.035
0.023
0.009
-0.001
-0.005
-0.006
-0.009
-0.014
-0.019
-0.018
-0.014
-0.012
-0.012
-0.015
-0.015
-0.011
-0.006
-0.004
-0.005
-0.004
0.001
0.006
0.006
0.005
0.004
0.006
0.010
0.011
0.008
0.004
0.005
0.007
0.005
-0.000
-0.005
-0.005
-0.003
-0.005
-0.012
-0.017
-0.017
-0.014
-0.015
-0.022
-0.030
-0.034
-0.034
-0.034
-0.037
-0.040
-0.040
-0.033
-0.025
-0.018
-0.013
-0.005
0.007
0.018
0.024
0.026
0.028
0.033
0.039
0.039
0.035
0.032
0.031
0.030
0.027
0.019
0.012
0.009
0.011
0.008
0.002
-0.004
-0.005
-0.003
-0.002
-0.005
-0.009
-0.010
-0.007
-0.004
-0.005
-0.008
-0.007
-0.002
0.004
0.003
-0.003
-0.006
-0.004
-0.000
-0.001
-0.005
-0.007
-0.005
-0.000
0.001
-0.001
-0.003
0.000
0.004
0.005
0.001
-0.001
-0.000
0.003
0.004
0.000
-0.004
-0.005
-0.001
0.003
0.003
-0.002
-0.004
-0.000
0.002
0.001
-0.001
-0.002
0.001
0.006
0.005
0.002
-0.001
0.002
0.006
0.007
0.004
0.002
0.003
0.006
0.006
0.001
-0.004
-0.003
0.001
0.003
-0.000
-0.005
-0.007
-0.006
-0.006
-0.011
-0.016
-0.018
-0.014
-0.012
-0.013
-0.015
-0.013
-0.005
0.001
0.004
0.003
0.004
0.009
0.014
0.014
0.010
0.007
0.006
0.007
0.007
0.010
0.024
0.053
0.097
0.140
0.170
0.179
0.154
0.079
-0.038
-0.168
-0.280
-0.339
-0.335
-0.281
-0.201
-0.114
-0.031
0.039
0.089
0.115
0.124
0.121
0.116
0.108
0.093
0.075
0.058
0.047
0.038
0.027
0.013
0.001
-0.004
-0.005
-0.008
-0.013
-0.019
-0.019
-0.014
-0.011
-0.012
-0.014
-0.012
-0.007
-0.001
-0.001
-0.003
-0.003
0.001
0.005
0.004
0.001
0.000
0.005
0.010
0.009
0.005
0.004
0.004
0.006
0.006
0.002
-0.002
-0.003
-0.001
-0.002
-0.008
-0.016
-0.017
-0.016
-0.017
-0.022
-0.028
-0.032
-0.032
-0.032
-0.035
-0.039
-0.038
-0.031
-0.021
-0.015
-0.010
-0.004
0.007
0.018
0.026
0.031
0.035
0.040
0.046
0.048
0.044
0.040
0.042
0.047
0.050
0.045
0.035
0.027
0.022
0.014
0.001
-0.015
-0.026
-0.026
-0.025
-0.028
-0.032
-0.029
-0.022
-0.018
-0.022
-0.026
-0.025
-0.020
-0.016
-0.018
-0.019
-0.014
-0.006
-0.001
-0.000
-0.001
0.001
0.005
0.008
0.006
0.002
0.003
0.009
0.012
0.008
0.000
-0.001
0.004
0.009
0.006
0.002
-0.001
0.000
0.005
0.005
0.001
-0.002
-0.001
0.002
0.001
-0.002
-0.004
-0.003
0.002
0.006
0.003
0.000
0.002
0.007
0.009
0.007
0.005
0.006
0.008
0.008
0.004
-0.001
-0.003
-0.001
-0.001
-0.007
-0.015
-0.019
-0.020
-0.018
-0.018
-0.021
-0.018
-0.011
-0.003
0.002
0.001
0.002
0.008
0.014
0.016
0.013
0.009
0.010
0.010
0.009
0.010
0.019
0.043
0.081
0.123
0.159
0.177
0.167
0.110
0.007
-0.117
-0.237
-0.318
-0.338
-0.304
-0.235
-0.151
-0.064
0.013
0.071
0.107
0.121
0.122
0.120
0.113
0.099
0.080
0.062
0.048
0.039
0.032
0.020
0.008
0.001
-0.002
-0.005
-0.010
-0.016
-0.018
-0.014
-0.010
-0.009
-0.012
-0.013
-0.010
-0.006
-0.005
-0.006
-0.004
-0.000
0.004
0.007
0.006
0.004
0.006
0.007
0.007
0.002
-0.000
0.001
0.005
0.008
0.005
-0.000
-0.001
0.000
-0.001
-0.005
-0.013
-0.017
-0.016
-0.016
-0.020
-0.028
-0.032
-0.032
-0.032
-0.035
-0.038
-0.038
-0.032
-0.024
-0.017
-0.011
-0.005
0.004
0.015
0.023
0.026
0.027
0.030
0.034
0.035
0.032
0.027
0.026
0.026
0.025
0.021
0.017
0.013
0.012
0.011
0.007
0.000
-0.004
-0.002
0.000
-0.004
-0.008
-0.008
-0.006
-0.004
-0.003
-0.006
-0.009
-0.007
-0.002
-0.001
-0.005
-0.007
-0.006
-0.003
-0.003
-0.007
-0.009
-0.007
-0.002
0.001
0.001
-0.001
-0.002
0.001
0.004
0.003
-0.001
-0.002
0.000
0.003
0.003
0.001
-0.000
0.001
0.002
0.001
-0.003
-0.004
-0.004
-0.001
0.001
-0.001
-0.001
0.000
0.006
0.008
0.005
0.003
0.002
0.003
0.004
0.002
-0.001
-0.000
0.002
0.003
0.000
-0.007
-0.014
-0.018
-0.020
-0.021
-0.023
-0.022
-0.016
-0.007
-0.000
0.006
0.011
0.014
0.019
0.021
0.020
0.018
0.017
0.016
0.015
0.011
0.007
0.009
0.022
0.046
0.081
0.122
0.160
0.184
0.170
0.098
-0.014
-0.142
-0.253
-0.318
-0.331
-0.296
-0.226
-0.139
-0.053
0.021
0.074
0.105
0.121
0.125
0.120
0.107
0.092
0.077
0.062
0.049
0.036
0.024
0.014
0.007
0.000
-0.007
-0.013
-0.016
-0.016
-0.014
-0.013
-0.012
-0.013
-0.012
-0.010
-0.009
-0.009
-0.009
-0.004
-0.000
0.000
0.001
0.000
0.001
0.004
0.006
0.007
0.007
0.007
0.006
0.006
0.005
0.003
0.001
-0.002
-0.003
-0.005
-0.008
-0.010
-0.010
-0.010
-0.012
-0.016
-0.020
-0.024
-0.027
-0.031
-0.036
-0.039
-0.038
-0.034
-0.029
-0.024
-0.017
-0.010
-0.000
0.008
0.013
0.017
0.023
0.029
0.034
0.035
0.034
0.034
0.034
0.031
0.026
0.020
0.016
0.014
0.014
0.012
0.007
0.002
-0.001
-0.002
-0.003
-0.005
-0.007
-0.007
-0.007
-0.007
-0.007
-0.008
-0.007
-0.006
-0.006
-0.006
-0.006
-0.003
-0.000
0.002
0.002
0.001
0.001
0.002
0.002
0.000
-0.002
-0.004
-0.003
-0.002
-0.002
-0.003
-0.004
-0.001
0.002
0.002
0.002
0.002
0.003
0.003
0.004
0.003
-0.001
-0.001
0.001
0.002
0.001
0.001
0.002
0.004
0.005
0.005
0.003
0.002
0.002
0.003
0.003
0.002
0.001
0.002
0.003
-0.000
-0.004
-0.007
-0.009
-0.012
-0.016
-0.018
-0.020
-0.018
-0.015
-0.012
-0.009
-0.006
-0.001
0.004
0.008
0.010
0.010
0.011
0.013
0.013
0.010
0.005
0.004
0.010
0.024
0.050
0.085
0.127
0.166
0.186
0.165
0.089
-0.028
-0.154
-0.262
-0.324
-0.332
-0.292
-0.216
-0.126
-0.042
0.028
0.078
0.110
0.126
0.128
0.123
0.112
0.098
0.083
0.069
0.052
0.036
0.023
0.013
0.006
-0.002
-0.008
-0.013
-0.013
-0.013
-0.016
-0.018
-0.018
-0.017
-0.013
-0.011
-0.009
-0.007
-0.004
-0.001
-0.001
-0.002
-0.002
0.001
0.005
0.008
0.010
0.008
0.006
0.006
0.005
0.003
0.001
0.000
-0.000
0.000
-0.002
-0.006
-0.008
-0.010
-0.011
-0.013
-0.014
-0.017
-0.020
-0.022
-0.026
-0.032
-0.036
-0.036
-0.034
-0.031
-0.028
-0.022
-0.015
-0.006
0.002
0.008
0.015
0.021
0.028
0.030
0.029
0.031
0.032
0.033
0.033
0.030
0.025
0.022
0.020
0.016
0.010
0.005
0.001
0.001
0.000
-0.001
-0.003
-0.006
-0.005
-0.002
-0.004
-0.008
-0.009
-0.008
-0.007
-0.006
-0.005
-0.006
-0.005
-0.002
-0.002
-0.004
-0.002
0.001
0.003
0.003
-0.000
-0.003
-0.004
-0.000
0.001
-0.001
-0.001
-0.000
0.002
0.003
0.002
-0.000
-0.001
-0.001
0.000
0.001
0.001
0.001
0.003
0.004
0.003
0.002
0.001
0.003
0.004
0.003
0.001
0.001
0.001
0.002
0.002
0.002
0.001
0.001
0.002
0.002
0.001
-0.000
-0.001
-0.004
-0.007
-0.010
-0.014
-0.018
-0.020
-0.020
-0.020
-0.016
-0.010
-0.002
0.003
0.006
0.007
0.009
0.011
0.012
0.011
0.008
0.006
0.006
0.007
0.015
0.032
0.062
0.105
0.150
0.181
0.181
0.131
0.031
-0.095
-0.217
-0.303
-0.334
-0.314
-0.251
-0.165
-0.077
0.000
0.062
0.103
0.123
0.128
0.125
0.117
0.105
0.090
0.072
0.054
0.040
0.028
0.016
0.004
-0.006
-0.010
-0.011
-0.010
-0.013
-0.016
-0.016
-0.015
-0.013
-0.012
-0.011
-0.008
-0.004
-0.002
-0.002
-0.003
-0.002
0.000
0.004
0.004
0.003
0.003
0.006
0.008
0.008
0.006
0.004
0.002
0.001
-0.000
-0.002
-0.004
-0.005
-0.005
-0.008
-0.012
-0.014
-0.014
-0.015
-0.017
-0.023
-0.028
-0.033
-0.034
-0.035
-0.035
-0.032
-0.028
-0.021
-0.014
-0.009
-0.001
0.008
0.017
0.024
0.028
0.030
0.032
0.035
0.036
0.033
0.029
0.026
0.024
0.021
0.016
0.011
0.007
0.005
0.004
0.002
-0.001
-0.003
-0.003
-0.003
-0.004
-0.007
-0.009
-0.009
-0.008
-0.007
-0.007
-0.007
-0.005
-0.003
-0.002
-0.002
-0.003
-0.003
-0.001
-0.000
-0.002
-0.001
0.001
0.003
0.003
0.002
-0.001
-0.000
0.002
0.003
0.002
-0.001
-0.001
-0.000
-0.000
-0.001
-0.002
0.000
0.001
0.001
-0.001
-0.002
-0.002
0.001
0.004
0.003
0.001
0.001
0.003
0.005
0.006
0.004
0.004
0.005
0.005
0.003
0.000
0.001
0.001
0.000
-0.002
-0.005
-0.008
-0.010
-0.012
-0.015
-0.019
-0.022
-0.021
-0.017
-0.012
-0.008
-0.004
0.001
0.008
0.012
0.013
0.011
0.010
0.014
0.012
0.006
0.002
0.003
0.014
0.034
0.064
0.104
0.147
0.182
0.187
0.138
0.035
-0.093
-0.214
-0.299
-0.334
-0.319
-0.260
-0.172
-0.081
-0.003
0.059
0.100
0.123
0.132
0.127
0.115
0.101
0.086
0.073
0.058
0.042
0.027
0.017
0.010
0.002
-0.006
-0.012
-0.013
-0.013
-0.013
-0.015
-0.016
-0.014
-0.010
-0.008
-0.010
-0.011
-0.009
-0.004
-0.001
0.000
0.001
0.002
0.004
0.006
0.006
0.005
0.005
0.006
0.007
0.005
0.001
-0.002
-0.001
0.000
-0.003
-0.008
-0.010
-0.009
-0.008
-0.009
-0.013
-0.016
-0.017
-0.020
-0.026
-0.033
-0.037
-0.036
-0.033
-0.031
-0.028
-0.023
-0.017
-0.009
-0.000
0.006
0.012
0.020
0.028
0.031
0.032
0.031
0.032
0.033
0.032
0.028
0.023
0.022
0.020
0.016
0.011
0.006
0.005
0.005
0.003
-0.000
-0.005
-0.007
-0.006
-0.005
-0.006
-0.009
-0.010
-0.009
-0.008
-0.007
-0.008
-0.006
-0.001
0.002
-0.000
-0.001
-0.001
0.000
0.000
0.001
-0.000
-0.002
-0.001
0.001
0.003
0.001
-0.001
-0.001
0.000
-0.000
-0.002
-0.003
-0.002
0.001
0.002
0.000
-0.001
-0.001
0.001
0.004
0.003
0.002
0.003
0.006
0.007
0.004
-0.000
-0.001
-0.000
0.001
0.001
0.001
0.002
0.004
0.006
0.005
0.001
-0.002
-0.002
-0.003
-0.007
-0.013
-0.018
-0.018
-0.016
-0.014
-0.014
-0.014
-0.012
-0.006
-0.000
0.003
0.005
0.008
0.012
0.012
0.010
0.008
0.007
0.007
0.008
0.014
0.028
0.056
0.097
0.140
0.173
0.183
0.151
0.065
-0.058
-0.186
-0.286
-0.335
-0.326
-0.273
-0.195
-0.107
-0.024
0.046
0.096
0.122
0.129
0.127
0.121
0.110
0.095
0.076
0.059
0.045
0.034
0.022
0.009
-0.000
-0.005
-0.008
-0.012
-0.015
-0.018
-0.018
-0.016
-0.015
-0.016
-0.015
-0.012
-0.007
-0.002
-0.003
-0.005
-0.003
0.001
0.004
0.004
0.003
0.003
0.006
0.008
0.009
0.008
0.007
0.009
0.010
0.005
-0.002
-0.005
-0.006
-0.006
-0.009
-0.013
-0.016
-0.016
-0.015
-0.017
-0.023
-0.028
-0.031
-0.031
-0.033
-0.035
-0.034
-0.028
-0.022
-0.015
-0.009
-0.002
0.006
0.012
0.018
0.021
0.024
0.028
0.033
0.034
0.032
0.029
0.028
0.027
0.026
0.022
0.016
0.012
0.010
0.007
0.002
-0.003
-0.004
-0.003
-0.001
-0.003
-0.008
-0.010
-0.009
-0.006
-0.005
-0.007
-0.006
-0.004
-0.001
-0.001
-0.003
-0.003
-0.001
-0.000
-0.001
-0.003
-0.004
-0.003
-0.000
0.000
-0.002
-0.003
-0.001
0.002
0.003
0.003
0.001
0.001
0.004
0.006
0.004
0.000
-0.001
0.000
0.001
-0.001
-0.004
-0.005
-0.002
0.001
0.000
-0.002
-0.000
0.004
0.007
0.006
0.002
0.001
0.004
0.006
0.005
0.002
0.001
0.003
0.002
-0.003
-0.009
-0.014
-0.014
-0.013
-0.015
-0.018
-0.020
-0.017
-0.011
-0.006
-0.004
-0.002
0.002
0.007
0.011
0.010
0.009
0.010
0.011
0.008
0.004
0.003
0.010
0.029
0.061
0.101
0.143
0.177
0.188
0.149
0.054
-0.072
-0.197
-0.290
-0.331
-0.321
-0.268
-0.186
-0.096
-0.013
0.051
0.094
0.119
0.131
0.131
0.120
0.103
0.087
0.073
0.059
0.045
0.030
0.018
0.010
0.003
-0.004
-0.011
-0.016
-0.018
-0.016
-0.016
-0.016
-0.016
-0.013
-0.009
-0.007
-0.006
-0.005
-0.001
0.004
0.006
0.005
0.002
0.002
0.003
0.003
0.003
0.002
0.002
0.005
0.006
0.004
0.002
0.002
0.002
0.002
-0.002
-0.007
-0.010
-0.010
-0.010
-0.013
-0.018
-0.023
-0.026
-0.029
-0.033
-0.037
-0.039
-0.037
-0.032
-0.028
-0.023
-0.017
-0.008
0.003
0.011
0.017
0.021
0.025
0.029
0.033
0.033
0.032
0.032
0.032
0.031
0.026
0.019
0.015
0.014
0.011
0.006
0.001
-0.002
-0.002
-0.000
-0.001
-0.003
-0.005
-0.003
-0.003
-0.005
-0.008
-0.007
-0.006
-0.004
-0.003
-0.005
-0.007
-0.005
-0.001
-0.001
-0.004
-0.004
-0.001
0.002
0.002
0.000
-0.002
-0.002
0.001
0.001
0.000
-0.000
0.001
0.004
0.004
0.002
-0.002
-0.002
-0.000
0.001
0.000
-0.001
-0.002
0.000
0.002
0.002
-0.000
0.001
0.004
0.004
0.004
0.002
-0.001
-0.000
0.003
0.004
0.003
0.002
0.003
0.004
0.002
-0.003
-0.007
-0.009
-0.010
-0.013
-0.017
-0.018
-0.017
-0.015
-0.011
-0.008
-0.005
0.001
0.007
0.010
0.010
0.009
0.010
0.012
0.011
0.007
0.003
0.002
0.010
0.026
0.052
0.089
0.134
0.175
0.192
0.162
0.074
-0.049
-0.176
-0.276
-0.330
-0.333
-0.286
-0.205
-0.114
-0.030
0.038
0.086
0.116
0.130
0.130
0.120
0.107
0.094
0.081
0.065
0.047
0.032
0.021
0.012
0.004
-0.005
-0.011
-0.014
-0.014
-0.015
-0.016
-0.016
-0.015
-0.012
-0.009
-0.009
-0.009
-0.006
-0.002
0.000
0.002
0.000
0.000
0.003
0.003
0.003
0.002
0.003
0.006
0.006
0.004
0.002
0.001
0.002
0.002
-0.001
-0.006
-0.008
-0.008
-0.008
-0.011
-0.014
-0.018
-0.020
-0.022
-0.027
-0.032
-0.036
-0.037
-0.035
-0.032
-0.029
-0.025
-0.018
-0.008
0.001
0.008
0.013
0.020
0.027
0.031
0.033
0.032
0.032
0.033
0.033
0.030
0.026
0.023
0.022
0.019
0.013
0.007
0.003
0.002
0.001
-0.001
-0.005
-0.007
-0.007
-0.006
-0.006
-0.007
-0.007
-0.004
-0.002
-0.003
-0.006
-0.007
-0.005
-0.005
-0.004
-0.003
-0.004
-0.003
-0.001
0.001
-0.000
-0.001
-0.000
0.000
0.000
-0.001
-0.002
-0.000
0.001
0.002
0.002
0.001
0.001
0.004
0.005
0.003
-0.000
-0.001
-0.001
0.000
0.001
0.001
0.002
0.003
0.005
0.004
0.003
0.004
0.007
0.008
0.005
0.001
-0.001
-0.000
0.001
-0.001
-0.006
-0.011
-0.014
-0.016
-0.018
-0.021
-0.022
-0.019
-0.013
-0.007
-0.003
-0.001
0.003
0.009
0.011
0.010
0.009
0.009
0.010
0.010
0.007
0.004
0.007
0.020
0.042
0.073
0.114
0.156
0.185
0.180
0.118
0.008
-0.120
-0.237
-0.314
-0.334
-0.307
-0.242
-0.154
-0.065
0.010
0.065
0.102
0.121
0.127
0.122
0.112
0.101
0.088
0.074
0.058
0.042
0.028
0.017
0.009
0.002
-0.003
-0.009
-0.012
-0.014
-0.015
-0.018
-0.020
-0.019
-0.015
-0.011
-0.009
-0.008
-0.008
-0.004
0.000
0.002
0.004
0.005
0.007
0.009
0.007
0.005
0.004
0.006
0.007
0.005
0.001
-0.002
-0.001
-0.001
-0.004
-0.007
-0.009
-0.009
-0.009
-0.012
-0.017
-0.020
-0.022
-0.025
-0.029
-0.034
-0.038
-0.038
-0.034
-0.029
-0.025
-0.019
-0.011
-0.002
0.006
0.012
0.018
0.024
0.030
0.034
0.035
0.034
0.033
0.033
0.032
0.028
0.023
0.020
0.016
0.012
0.006
0.003
0.001
0.000
-0.001
-0.003
-0.006
-0.007
-0.006
-0.005
-0.006
-0.008
-0.008
-0.006
-0.006
-0.005
-0.006
-0.007
-0.005
-0.002
-0.002
-0.005
-0.007
-0.005
-0.001
0.000
-0.000
-0.001
0.002
0.004
0.004
0.002
0.001
0.001
0.003
0.002
-0.000
-0.000
0.002
0.004
0.004
0.001
-0.001
-0.002
0.001
0.003
0.002
0.001
0.002
0.004
0.005
0.004
0.001
0.001
0.004
0.006
0.004
0.002
0.001
0.001
-0.000
-0.006
-0.013
-0.016
-0.016
-0.016
-0.018
-0.020
-0.019
-0.014
-0.008
-0.004
-0.001
0.003
0.007
0.012
0.015
0.014
0.011
0.010
0.012
0.009
0.004
0.007
0.019
0.044
0.079
0.123
0.164
0.187
0.176
0.105
-0.015
-0.147
-0.259
-0.325
-0.336
-0.299
-0.227
-0.138
-0.050
0.024
0.077
0.108
0.123
0.128
0.124
0.112
0.097
0.082
0.068
0.055
0.041
0.026
0.013
0.005
0.000
-0.006
-0.013
-0.016
-0.016
-0.014
-0.014
-0.014
-0.014
-0.011
-0.007
-0.006
-0.006
-0.007
-0.006
-0.003
-0.001
-0.000
0.000
0.003
0.006
0.008
0.006
0.004
0.005
0.007
0.008
0.006
0.003
0.000
0.000
-0.001
-0.006
-0.012
-0.015
-0.015
-0.015
-0.017
-0.022
-0.026
-0.028
-0.029
-0.032
-0.035
-0.036
-0.034
-0.029
-0.023
-0.017
-0.011
-0.002
0.009
0.016
0.020
0.025
0.030
0.034
0.036
0.033
0.030
0.029
0.030
0.028
0.022
0.016
0.012
0.010
0.007
0.003
-0.001
-0.003
-0.002
-0.001
-0.003
-0.005
-0.004
-0.002
-0.002
-0.003
-0.005
-0.005
-0.002
0.000
-0.001
-0.004
-0.007
-0.007
-0.005
-0.003
-0.003
-0.004
-0.002
-0.001
-0.002
-0.003
-0.004
-0.002
0.000
0.000
-0.001
-0.000
0.003
0.006
0.006
0.003
0.000
0.000
0.002
0.002
-0.000
-0.000
0.001
0.004
0.006
0.005
0.003
0.003
0.004
0.004
0.004
0.002
0.000
0.001
0.002
0.001
-0.002
-0.007
-0.009
-0.010
-0.013
-0.016
-0.016
-0.016
-0.016
-0.015
-0.014
-0.010
-0.004
0.003
0.005
0.005
0.006
0.008
0.011
0.012
0.011
0.008
0.007
0.008
0.013
0.026
0.051
0.091
0.138
0.177
0.192
0.160
0.076
-0.045
-0.175
-0.282
-0.337
-0.335
-0.284
-0.204
-0.116
-0.033
0.036
0.087
0.118
0.130
0.129
0.122
0.113
0.097
0.079
0.063
0.048
0.035
0.024
0.012
0.001
-0.006
-0.010
-0.010
-0.012
-0.015
-0.017
-0.016
-0.013
-0.013
-0.013
-0.011
-0.008
-0.006
-0.003
-0.002
-0.002
0.001
0.005
0.006
0.004
0.002
0.003
0.007
0.009
0.007
0.002
0.001
0.002
0.003
-0.001
-0.005
-0.008
-0.008
-0.008
-0.011
-0.014
-0.017
-0.017
-0.019
-0.024
-0.031
-0.035
-0.036
-0.035
-0.035
-0.034
-0.029
-0.022
-0.012
-0.005
-0.000
0.007
0.016
0.022
0.027
0.029
0.032
0.035
0.036
0.035
0.032
0.027
0.025
0.023
0.019
0.014
0.010
0.008
0.007
0.006
0.002
-0.003
-0.005
-0.005
-0.005
-0.007
-0.009
-0.009
-0.007
-0.005
-0.005
-0.007
-0.007
-0.005
-0.003
-0.003
-0.004
-0.005
-0.003
0.000
-0.000
-0.003
-0.004
-0.002
0.002
0.002
0.001
-0.001
0.000
0.003
0.004
0.002
0.000
0.000
0.003
0.002
-0.001
-0.003
-0.001
0.002
0.004
0.004
0.003
0.004
0.004
0.005
0.003
-0.001
-0.001
0.002
0.004
0.004
0.002
0.001
0.002
0.002
-0.002
-0.008
-0.012
-0.012
-0.013
-0.016
-0.019
-0.018
-0.014
-0.009
-0.006
-0.004
-0.001
0.004
0.009
0.010
0.009
0.008
0.009
0.010
0.009
0.003
0.000
0.008
0.024
0.049
0.085
0.128
0.169
0.192
0.170
0.090
-0.031
-0.161
-0.268
-0.328
-0.335
-0.294
-0.217
-0.125
-0.038
0.033
0.081
0.111
0.127
0.130
0.123
0.110
0.095
0.082
0.068
0.052
0.036
0.024
0.015
0.007
-0.000
-0.007
-0.013
-0.015
-0.015
-0.016
-0.017
-0.017
-0.013
-0.009
-0.009
-0.011
-0.010
-0.006
-0.001
0.002
0.002
0.002
0.003
0.005
0.006
0.005
0.005
0.006
0.009
0.009
0.005
0.001
-0.000
0.001
-0.001
-0.007
-0.013
-0.015
-0.014
-0.014
-0.017
-0.022
-0.024
-0.026
-0.028
-0.032
-0.037
-0.039
-0.036
-0.031
-0.027
-0.022
-0.016
-0.006
0.005
0.013
0.018
0.023
0.029
0.035
0.036
0.035
0.033
0.032
0.033
0.031
0.026
0.021
0.018
0.017
0.014
0.008
0.003
0.001
-0.001
-0.003
-0.007
-0.010
-0.009
-0.007
-0.006
-0.008
-0.009
-0.009
-0.007
-0.005
-0.006
-0.008
-0.007
