0.17871085
0.49783662
0.73811360
0.89943485
0.99216924
1.03053753
1.02457102
0.98062885
0.90359851
0.80524298
0.70161484
0.59935769
0.49753698
0.39540942
0.29789330
0.21189857
0.14065532
0.08221043
0.03067255
-0.01333711
-0.04417182
-0.05910279
-0.06326148
-0.06546751
-0.06825876
-0.06590447
-0.05362792
-0.03526831
-0.01954175
-0.00871271
0.00115050
0.01533104
0.03500418
0.05153095
0.05943916
0.06361822
0.07130698
0.08413529
0.09657257
0.10324900
0.10517567
0.10881882
0.11857370
0.12662838
0.12480211
0.11593652
0.10801416
0.10554266
0.10356601
0.09273719
0.07275704
0.05419458
0.04135092
0.02855042
0.00755143
-0.02330808
-0.05887196
-0.09439432
-0.12893656
-0.16729387
-0.21083231
-0.25217043
-0.28238609
-0.29941254
-0.30823227
-0.31250753
-0.30978851
-0.29627675
-0.27112502
-0.23910009
-0.20912266
-0.18199597
-0.15164472
-0.11568500
-0.08017856
-0.05254924
-0.03054912
-0.01000468
0.01238270
0.03196759
0.04087909
0.04223253
0.04260007
0.04602473
0.05167650
0.05443222
0.05318089
0.05271145
0.05725381
0.06439601
0.06777213
0.06644020
0.06480160
0.06683146
0.07107321
0.07246648
0.06830240
0.06219575
0.05867684
0.05786158
0.05588866
0.05035990
0.04504675
0.04341378
0.04525242
0.04806189
0.04602417
0.04086061
0.03677901
0.03316038
0.02786050
0.01709419
0.00363750
-0.00750196
-0.01253750
-0.01591542
-0.02060626
-0.02611793
-0.03038961
-0.02913399
-0.02528843
-0.02398140
-0.02634310
-0.02816192
-0.02564568
-0.01987280
-0.01620250
-0.01651048
-0.01660220
-0.01104037
-0.00132745
0.00461801
0.00300516
-0.00111343
-0.00042388
0.00615898
0.01155397
0.00867382
0.00114070
-0.00146146
0.00590094
0.01629702
0.01928913
0.01641213
0.01623024
0.02308029
0.03345179
0.03953969
0.03930752
0.03911652
0.04554381
0.05793046
0.06619509
0.06433597
0.05634692
0.04668046
0.03666817
0.02187559
0.00016070
-0.02546095
-0.04974474
-0.06867887
-0.08376231
-0.09906094
-0.11388217
-0.12332331
-0.12435627
-0.11882366
-0.11226864
-0.10684122
-0.09977609
-0.08735259
-0.07184416
-0.05843335
-0.04885900
-0.04047099
-0.02897090
-0.01608938
-0.00487162
0.00896868
0.03686876
0.09368640
0.19137317
0.33090008
0.49810153
0.66821553
0.80491809
0.86280209
0.80941747
0.63688810
0.36385753
0.03917056
-0.28175991
-0.55336848
-0.74896658
-0.86092122
-0.89121995
-0.85142185
-0.75892724
-0.63548268
-0.50254925
-0.37059515
-0.24440996
-0.12911047
-0.03039995
0.04689993
0.10598100
0.15173095
0.18630979
0.20912251
0.21855855
0.21722114
0.21196887
0.20554572
0.19684028
0.18234560
0.16287441
0.14474865
0.13062267
0.11909780
0.10733497
0.09259382
0.07725968
0.06649695
0.06082983
0.05661299
0.05150592
0.04756800
0.04854015
0.05437639
0.06045064
0.06535731
0.06915165
0.07521256
0.08496911
0.09608496
0.10394969
0.10786497
0.11293738
0.11979011
0.12499421
0.12486300
0.12005061
0.11455078
0.11149031
0.10661355
0.09450321
0.07729198
0.06013812
0.04594399
0.03080613
0.00899549
-0.02090986
-0.05528639
-0.08894238
-0.12336294
-0.16021602
-0.20014480
-0.24022949
-0.27326496
-0.29779656
-0.31579509
-0.32851621
-0.33331882
-0.32629500
-0.30874893
-0.28487631
-0.25874633
-0.23032128
-0.19692762
-0.15834539
-0.11900801
-0.08403078
-0.05226417
-0.02158492
0.00860336
0.03549480
0.05485903
0.06702080
0.07637271
0.08698856
0.09539674
0.09735282
0.09367357
0.08851902
0.08572637
0.08323885
0.07780359
0.06866619
0.05868651
0.05176296
0.04750158
0.04219552
0.03465802
0.02789985
0.02586817
0.02978108
0.03265835
0.02967739
0.02392245
0.01954732
0.01916770
0.01861416
0.01411168
0.00728391
0.00222916
0.00205177
0.00347234
0.00223524
-0.00046307
-0.00034381
0.00360053
0.00815301
0.00914814
0.00789018
0.00767848
0.01048006
0.01440459
0.01464931
0.01038481
0.00554317
0.00484332
0.00738565
0.01014302
0.00856551
0.00478833
0.00439776
0.00665057
0.00811793
0.00672145
0.00425876
0.00545832
0.01109265
0.01609230
0.01764810
0.01701524
0.01854869
0.02443888
0.03126765
0.03524771
0.03685046
0.03983082
0.04594701
0.05204524
0.05293898
0.04920986
0.04643749
0.04781316
0.05125207
0.05121282
0.04573631
0.03846566
0.03285051
0.02656321
0.01563380
-0.00062887
-0.01815073
-0.03207401
-0.04371593
-0.05693527
-0.07191783
-0.08489611
-0.09029118
-0.08902868
-0.08539618
-0.08227108
-0.07857479
-0.06965738
-0.05542105
-0.04094769
-0.03073738
-0.02371567
-0.01727024
-0.00989870
-0.00266746
0.00743956
0.03141185
0.08486443
0.18195713
0.32196798
0.49156557
0.67094001
0.82512661
0.90394436
0.86616124
0.69786188
0.41786973
0.07892969
-0.25582751
-0.53651241
-0.73711979
-0.85071800
-0.88162495
-0.84270276
-0.75399575
-0.63917880
-0.51552290
-0.39405613
-0.27830680
-0.17077097
-0.07797256
-0.00325498
0.05483901
0.10197724
0.14027661
0.16681765
0.17983102
0.18070678
0.17651631
0.17186170
0.16430215
0.15097033
0.13207799
0.11295731
0.09885034
0.08758196
0.07515267
0.06124997
0.04898268
0.04233795
0.04088259
0.04022463
0.03747196
0.03485497
0.03629078
0.04135800
0.04573946
0.04666349
0.04705951
0.05196303
0.06180097
0.07121476
0.07661392
0.08031621
0.08473912
0.09117927
0.09726834
0.09953948
0.09710891
0.09442282
0.09384445
0.09218437
0.08372505
0.06815520
0.05101475
0.03502251
0.01840167
-0.00348866
-0.03183368
-0.06399165
-0.09610828
-0.12793658
-0.16313447
-0.20220464
-0.23989199
-0.27053392
-0.29167935
-0.30621254
-0.31664925
-0.32072788
-0.31422097
-0.29648797
-0.27079397
-0.24000693
-0.20546959
-0.16564046
-0.11954671
-0.07163131
-0.02761011
0.01263282
0.05428025
0.10129319
0.15103621
0.19586818
0.23116519
0.25812777
0.27968268
0.29394237
0.29481626
0.27978831
0.25415495
0.22795308
0.20296196
0.17448061
0.14284692
0.11338948
0.09124630
0.07296828
0.05078349
0.02430988
-0.00108634
-0.02128811
-0.03770619
-0.05543161
-0.07397275
-0.08798021
-0.09404370
-0.09478621
-0.09520745
-0.09590992
-0.09460818
-0.08961387
-0.08141745
-0.07546798
-0.07370475
-0.07032923
-0.06145973
-0.04925039
-0.04154294
-0.04148947
-0.04244156
-0.03810342
-0.02929627
-0.02287546
-0.02131707
-0.02249961
-0.02246927
-0.01711386
-0.01169079
-0.01082920
-0.01244576
-0.01317551
-0.01154206
-0.01033711
-0.01225626
-0.01651787
-0.01912783
-0.01705755
-0.01144410
-0.00825246
-0.00817017
-0.00611765
0.00066585
0.00973699
0.01691140
0.02231239
0.02830307
0.03614344
0.04399197
0.04822713
0.04728833
0.04456851
0.04387088
0.04257845
0.03539714
0.02066126
0.00123425
-0.01827242
-0.03592292
-0.05413121
-0.07474626
-0.09252260
-0.10351100
-0.10657856
-0.10501746
-0.10376913
-0.10171956
-0.09420110
-0.08001619
-0.06399864
-0.05107153
-0.04163425
-0.03201226
-0.02155584
-0.01253716
-0.00282073
0.01634696
0.05903250
0.13954210
0.26299423
0.42168315
0.59828012
0.76488452
0.87505845
0.88254920
0.76512341
0.52779016
0.21018377
-0.12780633
-0.43228833
-0.66725624
-0.81812434
-0.88260266
-0.86967991
-0.79835937
-0.69132295
-0.57040975
-0.44821060
-0.32851598
-0.21580523
-0.11709606
-0.03669407
0.02557297
0.07389158
0.11319301
0.14494114
0.16455948
0.17229816
0.17323707
0.17105477
0.16654331
0.15657782
0.14060870
0.12229983
0.10788090
0.09763478
0.08831600
0.07627167
0.06316864
0.05363359
0.04726776
0.04198374
0.03611683
0.03168946
0.03130615
0.03572043
0.04312201
0.04869169
0.05315402
0.05876224
0.06611950
0.07287901
0.07505281
0.07467441
0.07562140
0.08029756
0.08821759
0.09338655
0.09291469
0.09192459
0.09221878
0.09130400
0.08620083
0.07313001
0.05662210
0.04088434
0.02476221
0.00463541
-0.02323200
-0.05538176
-0.08785465
-0.11975872
-0.15426343
-0.19262134
-0.23070801
-0.26259467
-0.28613637
-0.30276174
-0.31387027
-0.31913526
-0.31526023
-0.30007315
-0.27675116
-0.25084231
-0.22401807
-0.19432439
-0.16036635
-0.12507892
-0.09353567
-0.06622519
-0.04060726
-0.01464017
0.01050411
0.03175839
0.04855192
0.06172625
0.07373116
0.08487156
0.09158304
0.09183544
0.08816343
0.08653573
0.08656230
0.08293721
0.07498769
0.06730777
0.06180500
0.05822276
0.05518471
0.04885940
0.04025062
0.03352233
0.03127703
0.02986270
0.02531515
0.01852876
0.01248433
0.00946277
0.00617227
-0.00047739
-0.00945263
-0.01656462
-0.01864263
-0.01727656
-0.01603749
-0.01714188
-0.01892115
-0.01785981
-0.01409159
-0.01112336
-0.01164163
-0.01374610
-0.01370317
-0.01089996
-0.00771830
-0.00711806
-0.00744905
-0.00629567
-0.00403948
-0.00321565
-0.00573034
-0.01018055
-0.01375190
-0.01429836
-0.01357184
-0.01408127
-0.01552794
-0.01544791
-0.00980149
-0.00226790
0.00257488
0.00567470
0.00784017
0.01083426
0.01489319
0.01686618
0.01604166
0.01582288
0.01827592
0.02160175
0.02162717
0.01470591
0.00104317
-0.01672518
-0.03638162
-0.05777114
-0.08124871
-0.10316437
-0.11910811
-0.12645892
-0.12683477
-0.12068807
-0.10974085
-0.09553101
-0.07664794
-0.05548341
-0.03563335
-0.01763891
-0.00074534
0.01567921
0.03104820
0.04221017
0.04909053
0.05839008
0.08013834
0.12652445
0.20761017
0.32973877
0.49007192
0.67383506
0.84336422
0.94153768
0.92705255
0.78522427
0.53250146
0.21427133
-0.11670004
-0.41291637
-0.63899952
-0.77813583
-0.83081268
-0.80982060
-0.73585830
-0.63050144
-0.50961527
-0.38451562
-0.26470558
-0.15733374
-0.06522846
0.01170389
0.07417498
0.12334588
0.15958100
0.18370779
0.19797447
0.20454018
0.20485588
0.19811752
0.18509488
0.16884250
0.15296216
0.13913561
0.12583988
0.11351587
0.10082007
0.08837058
0.07828106
0.06935067
0.06005094
0.05085638
0.04651620
0.04612427
0.04661862
0.04723144
0.04736214
0.04820976
0.05177055
0.05783411
0.06448727
0.07186575
0.07839970
0.08400338
0.08974584
0.09480590
0.09802715
0.09859001
0.09706711
0.09399047
0.08874182
0.08093305
0.07091914
0.06071288
0.05023908
0.03835430
0.02258644
0.00282608
-0.02084354
-0.04819318
-0.07943824
-0.11567812
-0.15426608
-0.19250201
-0.22611355
-0.25527064
-0.27919630
-0.29641180
-0.30605274
-0.30612305
-0.29821846
-0.28500902
-0.26769284
-0.24517949
-0.21629384
-0.18258550
-0.14765236
-0.11324044
-0.07903755
-0.04534093
-0.01455257
0.01103862
0.03152066
0.04772520
0.06212207
0.07615499
0.08767001
0.09455419
0.09700820
0.09647065
0.09473163
0.09158572
0.08638461
0.07926019
0.07258852
0.06600085
0.05865940
0.05159064
0.04393473
0.03724221
0.03157885
0.02585591
0.01977960
0.01423328
0.01097623
0.01072850
0.01282545
0.01500824
0.01606930
0.01731194
0.01973949
0.02133933
0.02168155
0.01993748
0.01610036
0.01299410
0.01058556
0.00827149
0.00503176
0.00121047
-0.00016002
0.00152462
0.00386354
0.00551507
0.00711206
0.00969585
0.01293628
0.01709775
0.01960562
0.01908064
0.01841800
0.01986927
0.02180275
0.02238426
0.02298896
0.02468259
0.02824593
0.03310948
0.03822855
0.04168563
0.04370796
0.04617677
0.04943613
0.05262323
0.05452368
0.05534604
0.05749032
0.06002146
0.06000512
0.05636886
0.04898144
0.03954366
0.02726837
0.01111631
-0.00736261
-0.02741636
-0.04565429
-0.06061925
-0.07296336
-0.08220641
-0.08865477
-0.08937459
-0.08507240
-0.07705593
-0.06704419
-0.05700280
-0.04571675
-0.03284418
-0.01983133
-0.00999868
-0.00469154
-0.00092549
0.00861306
0.03264316
0.08225138
0.16715285
0.29394517
0.45995157
0.64554657
0.81056157
0.89948852
0.87137913
0.71694202
0.45512187
0.13090129
-0.20120549
-0.49309886
-0.70916260
-0.83537926
-0.87726830
-0.84924094
-0.77090223
-0.66122294
-0.53569008
-0.40753247
-0.28438105
-0.17249231
-0.07460036
0.00885990
0.07761071
0.12986338
0.16547350
0.18886733
0.20234816
0.20812010
0.20657294
0.19831727
0.18575385
0.17311910
0.15986476
0.14339888
0.12568355
0.10774516
0.09093745
0.07790743
0.06671188
0.05741083
0.05051921
0.04633500
0.04497528
0.04367095
0.04136814
0.03893600
0.03979513
0.04481563
0.05285256
0.06289080
0.07131767
0.07704334
0.08262537
0.08731272
0.09001228
0.09105623
0.09132018
0.09096799
0.09124909
0.08926861
0.08287633
0.07442751
0.06473931
0.05394958
0.04056709
0.02628525
0.00916635
-0.01107681
-0.03289082
-0.05939010
-0.09114854
-0.12674524
-0.16272360
-0.19638635
-0.22738337
-0.25500713
-0.27720633
-0.29207008
-0.29842510
-0.29681603
-0.28854895
-0.27382099
-0.25250898
-0.22479468
-0.19492606
-0.16574073
-0.13502544
-0.10277245
-0.07013688
-0.03748267
-0.00728566
0.01808896
0.03975066
0.05926459
0.07519429
0.08493191
0.08945633
0.09084282
0.09138146
0.09178795
0.09043023
0.08721305
0.08159263
0.07653755
0.07432667
0.07002956
0.06210238
0.05333790
0.04538944
0.03840875
0.03192454
0.02664670
0.02088232
0.01607972
0.01441820
0.01197395
0.00792913
0.00555409
0.00676706
0.01016389
0.01346707
0.01326932
0.00981612
0.00617594
0.00583318
0.00641802
0.00495680
0.00361460
0.00351764
0.00548705
0.00842817
0.01035457
0.01031637
0.00930406
0.00867517
0.00891838
0.00982780
0.01121571
0.01236810
0.01548206
0.01943821
0.02223645
0.02401866
0.02548589
0.02883977
0.03296766
0.03587750
0.03717176
0.03825472
0.03967637
0.04130086
0.04301427
0.04472448
0.04581200
0.04691889
0.04909059
0.05144856
0.05275534
0.05264350
0.05143597
0.04778482
0.04074741
0.03028334
0.01595742
-0.00185709
-0.02162733
-0.04208195
-0.06165777
-0.07753467
-0.08713275
-0.08926346
-0.08606035
-0.08049938
-0.07334368
-0.06415597
-0.05268263
-0.04046780
-0.02983683
-0.02143035
-0.01510343
-0.00955965
-0.00211587
0.01251833
0.04417389
0.10633789
0.21147623
0.36141844
0.54253998
0.72377269
0.85524790
0.88667428
0.79147848
0.57466412
0.27209604
-0.06231863
-0.37610463
-0.62723406
-0.79232390
-0.86946856
-0.86911675
-0.80757096
-0.70498770
-0.58201947
-0.45389996
-0.32882523
-0.21192821
-0.10684596
-0.01699848
0.05505487
0.10917466
0.14874900
0.17647038
0.19218554
0.19628127
0.19064337
0.18043369
0.16984873
0.15941849
0.14680658
0.13084079
0.11459047
0.09990023
0.08649064
0.07463918
0.06394728
0.05570152
0.05134506
0.04909252
0.04692225
0.04435900
0.04214707
0.04249358
0.04645461
0.05085975
0.05377927
0.05706804
0.06269749
0.07100188
0.07938683
0.08528833
0.08901492
0.09144571
0.09276901
0.09262932
0.09026431
0.08627279
0.08173591
0.07641889
0.06852789
0.05677990
0.04253489
0.02804933
0.01343908
-0.00394172
-0.02657693
-0.05507551
-0.08801830
-0.12247273
-0.15719681
-0.19231217
-0.22460753
-0.25225892
-0.27349892
-0.28777479
-0.29659565
-0.29752452
-0.28955167
-0.27281694
-0.24834603
-0.22000134
-0.18984562
-0.15736241
-0.12224911
-0.08657456
-0.05361174
-0.02468882
0.00097868
0.02468457
0.04532227
0.06161447
0.07275339
0.07942589
0.08454562
0.08879347
0.09108975
0.09013094
0.08723578
0.08460516
0.08174232
0.07772355
0.07078464
0.06132468
0.05195219
0.04413868
0.03731532
0.02990280
0.02289366
0.01813719
0.01532840
0.01305230
0.01073706
0.00794078
0.00543733
0.00436285
0.00389384
0.00226967
0.00091424
0.00201714
0.00498045
0.00816566
0.00974427
0.00891380
0.00844239
0.01046214
0.01378096
0.01577491
0.01501261
0.01378903
0.01335557
0.01300505
0.01163725
0.01008615
0.01010280
0.01133481
0.01236128
0.01154049
0.00932138
0.00775568
0.00895553
0.01279822
0.01578810
0.01689416
0.01813698
0.02107810
0.02630909
0.03199957
0.03616224
0.04006089
0.04523511
0.05063266
0.05378334
0.05396210
0.05456904
0.05603073
0.05644930
0.05494472
0.04981900
0.04155211
0.03119685
0.01910961
0.00454342
-0.01407311
-0.03614375
-0.05722316
-0.07390496
-0.08592484
-0.09382231
-0.09764131
-0.09649131
-0.08879443
-0.07634343
-0.06292191
-0.05150564
-0.04102921
-0.02733749
-0.01501754
-0.00921426
-0.00761386
-0.00440721
0.00977780
0.04394131
0.10806048
0.21190189
0.35917559
0.54106265
0.72788511
0.86571574
0.90053463
0.80738658
0.59313522
0.29397001
-0.03982274
-0.35845934
-0.61847995
-0.79083520
-0.87203362
-0.87471819
-0.81583994
-0.71607395
-0.59263133
-0.46095595
-0.33392223
-0.21858015
-0.11771303
-0.03122564
0.04210973
0.10051012
0.14212517
0.16951567
0.18691167
0.19691884
0.19912862
0.19300429
0.18122147
0.16773852
0.15460103
0.14118846
0.12593463
0.10989500
0.09611414
0.08576216
0.07740949
0.06767027
0.05671754
0.04802575
0.04364658
0.04279704
0.04307657
0.04367194
0.04558360
0.05008035
0.05639293
0.06220358
0.06683195
0.07144470
0.07694745
0.08345698
0.08828053
0.08885219
0.08719804
0.08607982
0.08652079
0.08376708
0.07536215
0.06566862
0.05702840
0.04902091
0.03964869
0.02687164
0.01089529
-0.00634165
-0.02657139
-0.05265615
-0.08547308
-0.12267804
-0.15897881
-0.19195298
-0.22260258
-0.25070640
-0.27345910
-0.29000641
-0.29885063
-0.29915446
-0.29336906
-0.28145949
-0.26146375
-0.23384511
-0.20257313
-0.17088080
-0.13964898
-0.10789697
-0.07488597
-0.04283691
-0.01507658
0.00818790
0.02972619
0.04956658
0.06560975
0.07638724
0.08262634
0.08782331
0.09308943
0.09654280
0.09625184
0.09142417
0.08437717
0.07809824
0.07267954
0.06651174
0.05782988
0.04756356
0.03814517
0.03032937
0.02298944
0.01523139
0.00912034
0.00838155
0.01019645
0.01007841
0.00901419
0.00835725
0.00859209
0.00896057
0.00996540
0.00977693
0.00812259
0.00759364
0.00905631
0.01200223
0.01323363
0.01198688
0.01106315
0.01152528
0.01139834
0.00917524
0.00596802
0.00432528
0.00560986
0.00801461
0.00844599
0.00732850
0.00670123
0.00812522
0.01162855
0.01495265
0.01744953
0.02084416
0.02643678
0.03295059
0.03661546
0.03627154
0.03502533
0.03477630
0.03531124
0.03588358
0.03646083
0.03811394
0.04217656
0.04793707
0.05257920
0.05341737
0.05126958
0.04908887
0.04587807
0.03871434
0.02549695
0.00759233
-0.01045302
-0.02620294
-0.04060541
-0.05445247
-0.06838194
-0.08014408
-0.08589233
-0.08618544
-0.08333115
-0.07815571
-0.06975317
-0.05810495
-0.04607426
-0.03589821
-0.02758933
-0.02053052
-0.01364228
-0.00553185
0.00811873
0.03645564
0.09198496
0.18874408
0.32875852
0.50136206
0.68484832
0.83560850
0.90036313
0.84250310
0.65688593
0.37066841
0.03601392
-0.28977425
-0.56316872
-0.75809478
-0.86530632
-0.88954846
-0.84402640
-0.74849970
-0.62697975
-0.49809006
-0.37110499
-0.25039729
-0.14019078
-0.04551232
0.03094104
0.09003760
0.13537468
0.16922575
0.19109709
0.20056208
0.20055328
0.19538900
0.18699140
0.17534309
0.16001927
0.14194163
0.12413386
0.10838182
0.09324319
0.07757339
0.06215153
0.04976427
0.04299356
0.04086466
0.03749223
0.03220089
0.02948128
0.03051563
0.03441829
0.03818869
0.04114952
0.04445407
0.05007884
0.05836287
0.06781250
0.07557552
0.08225150
0.09109228
0.10069171
0.10554158
0.10376210
0.09855989
0.09256641
0.08621158
0.07710315
0.06404966
0.04848582
0.03272664
0.01747967
-0.00001701
-0.02290736
-0.05121022
-0.08197124
-0.11334342
-0.14606114
-0.18063741
-0.21465088
-0.24295793
-0.26455003
-0.27947592
-0.28860234
-0.29065306
-0.28438798
-0.27193637
-0.25411403
-0.23287635
-0.20878754
-0.18076072
-0.14811870
-0.11381973
-0.08187282
-0.05254766
-0.02484664
0.00207247
0.02779952
0.04932561
0.06504193
0.07668618
0.08632600
0.09290863
0.09464985
0.09201415
0.08773896
0.08511306
0.08387707
0.08048212
0.07281451
0.06270384
0.05386490
0.04802927
0.04257626
0.03600511
0.02993979
0.02616686
0.02542738
0.02487925
0.02230987
0.01937725
0.01793095
0.01769849
0.01677278
0.01425193
0.01059993
0.00786892
0.00761191
0.00764016
0.00569571
0.00285117
0.00162104
0.00333956
0.00672471
0.00961548
0.01035644
0.01104321
0.01549637
0.02158709
0.02540237
0.02564738
0.02420906
0.02426655
0.02548190
0.02480322
0.02049121
0.01573526
0.01412442
0.01502101
0.01508386
0.01340095
0.01317573
0.01737985
0.02484266
0.03068151
0.03282200
0.03419638
0.03820778
0.04409571
0.04899848
0.05128600
0.05254498
0.05514588
0.05703356
0.05445117
0.04522104
0.03122314
0.01685748
0.00335978
-0.01163716
-0.02990636
-0.04994434
-0.06722125
-0.07833966
-0.08421276
-0.08796261
-0.09045577
-0.08857996
-0.08120147
-0.07041361
-0.06017649
-0.05134591
-0.04123730
-0.03056310
-0.02264069
-0.01883106
-0.01617930
-0.00631444
0.02298299
0.08366214
0.18421820
0.32736848
0.50465573
0.69218453
0.84138591
0.89536881
0.82333359
0.62643195
0.33658128
0.00547802
-0.31572127
-0.58336706
-0.76969414
-0.86590976
-0.87885622
-0.82776361
-0.73353461
-0.61419973
-0.48315766
-0.35184280
-0.23187697
-0.12850787
-0.04126968
0.03142652
0.09032925
0.13495551
0.16498371
0.18297200
0.19250815
0.19563471
0.19201324
0.18056900
0.16408700
0.14658424
0.13012324
0.11406721
0.09790514
0.08234152
0.06954217
0.06052246
0.05371802
0.04782213
0.04287928
0.04162483
0.04547699
0.05148344
0.05616699
0.05853075
0.06064012
0.06355972
0.06643666
0.06915934
0.07109948
0.07344730
0.07820522
0.08408404
0.08839195
0.09075170
0.09259732
0.09506278
0.09680882
0.09463413
0.08731703
0.07686744
0.06662090
0.05641522
0.04338192
0.02541504
0.00273343
-0.02374643
-0.05315367
-0.08578587
-0.12228617
-0.16079782
-0.19760308
-0.22989003
-0.25786061
-0.28130502
-0.29860663
-0.30657735
-0.30368542
-0.29248937
-0.27587169
-0.25520027
-0.23061049
-0.20127597
-0.16840014
-0.13580658
-0.10425653
-0.07210370
-0.03974112
-0.00912701
0.01664871
0.03594123
0.05103690
0.06498234
0.07635186
0.08250348
0.08325222
0.08087490
0.07891386
0.07845470
0.07753526
0.07410474
0.06941912
0.06615004
0.06356923
0.05834184
0.05018534
0.04284126
0.03698486
0.03252908
0.02989558
0.02494916
0.01786879
0.01326870
0.01243083
0.01125737
0.00768026
0.00403391
0.00268020
0.00425825
0.00639935
0.00669426
0.00444831
0.00251884
0.00310887
0.00453200
0.00489684
0.00442541
0.00551794
0.00942217
0.01369836
0.01534200
0.01377800
0.01143637
0.01133115
0.01241690
0.01273613
0.01135097
0.00925027
0.00942400
0.01190282
0.01387248
0.01371967
0.01521608
0.01902513
0.02282304
0.02645235
0.02815346
0.02719087
0.02694360
0.03000257
0.03440091
0.03746015
0.03935184
0.04245099
0.04635621
0.04798125
0.04502818
0.03755195
0.02852666
0.01867991
0.00586972
-0.01089239
-0.02891758
-0.04606699
-0.06071842
-0.07171874
-0.07997188
-0.08465010
-0.08361733
-0.07655359
-0.06675383
-0.05688910
-0.04793763
-0.03842700
-0.02669040
-0.01536607
-0.00812761
-0.00545974
-0.00316037
0.00643102
0.03223858
0.08433897
0.17382662
0.30828081
0.48291576
0.67533294
0.83725876
0.91170123
0.86307110
0.68703628
0.41136730
0.08098824
-0.25214882
-0.53776206
-0.74268781
-0.85666023
-0.88651079
-0.84875618
-0.76289265
-0.64661746
-0.51658341
-0.38683543
-0.26661123
-0.15938606
-0.06511535
0.01623289
0.08139036
0.12850380
0.16018479
0.18075361
0.19293305
0.19644749
0.19144807
0.18005518
0.16582742
0.15164450
0.13699732
0.12096233
0.10452619
0.08956751
0.07802946
0.06908245
0.06032931
0.05154702
0.04530475
0.04294022
0.04313496
0.04475847
0.04522912
0.04533388
0.04789137
0.05114730
0.05371149
0.05563111
0.05861451
0.06449017
0.07071724
0.07476186
0.07694325
0.07813569
0.08015538
0.08218349
0.08084357
0.07530299
0.06728558
0.05932919
0.05120705
0.04055743
0.02620307
0.00848319
-0.01110096
-0.03295096
-0.05947565
-0.09125020
-0.12685511
-0.16393160
-0.19894347
-0.23087926
-0.25963217
-0.28415702
-0.30217656
-0.31055381
-0.30945434
-0.30159845
-0.28828442
-0.26855640
-0.24194309
-0.21056169
-0.17789982
-0.14562034
-0.11390057
-0.08120994
-0.04804666
-0.01810624
0.00752508
0.03092719
0.05271092
0.07122548
0.08423165
0.09077273
0.09421624
0.09620840
0.09699086
0.09570565
0.09067796
0.08350722
0.07662077
0.07024486
0.06398530
0.05698325
0.04970015
0.04524678
0.04372412
0.04070152
0.03444997
0.02760168
0.02222349
0.01766397
0.01338330
0.01004741
0.00594028
0.00250429
0.00192637
0.00249334
0.00227993
0.00147018
0.00132836
0.00171060
0.00193506
0.00093129
-0.00098292
-0.00132994
0.00010147
0.00230391
0.00391527
0.00445208
0.00577736
0.00985118
0.01533724
0.01839852
0.01835363
0.01699764
0.01632633
0.01676259
0.01749138
0.01841641
0.02000288
0.02313199
0.02787410
0.03147488
0.03403872
0.03843121
0.04570172
0.05380204
0.05891573
0.06040099
0.05955739
0.05913564
0.06015526
0.05950901
0.05376046
0.04265169
0.02840115
0.01231381
-0.00616536
-0.02736611
-0.04923685
-0.06796518
-0.08072628
-0.08777308
-0.09118701
-0.09218740
-0.08908076
-0.08017826
-0.06879954
-0.05872028
-0.05007347
-0.04125740
-0.03103674
-0.02070524
-0.01346384
-0.00947255
-0.00268847
0.01694004
0.05886167
0.13220760
0.24602637
0.40179487
0.58683162
0.76649490
0.88453773
0.89225105
0.77239653
0.53561400
0.22194264
-0.11184579
-0.41867459
-0.66096998
-0.81504562
-0.87994886
-0.86966025
-0.80422115
-0.70259634
-0.58156866
-0.45497340
-0.33268039
-0.22051968
-0.11984582
-0.03177392
0.04226540
0.10065708
0.14280737
0.17058431
0.18768686
0.19688558
0.19901785
0.19557903
0.18686728
0.17443231
0.16072943
0.14552379
0.12705193
0.10682451
0.08828001
0.07346653
0.06217102
0.05353186
0.04512425
0.03725037
0.03341125
0.03341171
0.03584224
0.03950717
0.04452342
0.05202117
0.06057981
0.06740813
0.07205848
0.07646817
0.08269821
0.09007791
0.09529761
0.09642920
0.09489027
0.09353745
0.09238597
0.08869820
0.08155382
0.07257731
0.06365410
0.05459986
0.04253615
0.02590518
0.00588371
-0.01647266
-0.04134315
-0.07040547
-0.10478448
-0.14293599
-0.18076237
-0.21455066
-0.24378365
-0.26880018
-0.28784788
-0.29872252
-0.30060670
-0.29434142
-0.28201864
-0.26441979
-0.24072865
-0.21111685
-0.17706330
-0.14209496
-0.10843799
-0.07557115
-0.04250868
-0.01068693
0.01718761
0.04027822
0.05978192
0.07623009
0.08797081
0.09446921
0.09717575
0.09792341
0.09821651
0.09759648
0.09464968
0.08892579
0.08183702
0.07563269
0.07037572
0.06388220
0.05560663
0.04794186
0.04162190
0.03606304
0.03132870
0.02578871
0.01876076
0.01361557
0.01124388
0.00947886
0.00496959
-0.00202660
-0.00681986
-0.00805788
-0.00758244
-0.00799067
-0.00851898
-0.00692541
-0.00320485
0.00036428
0.00202106
0.00267288
0.00416231
0.00678690
0.00853691
0.00843843
0.00800665
0.00952729
0.01359472
0.01782176
0.01925362
0.01790882
0.01611143
0.01677964
0.01988041
0.02199652
0.02271153
0.02450239
0.02869694
0.03403112
0.03783185
0.03918666
0.04023173
0.04428168
0.05049189
0.05482706
0.05642883
0.05748747
0.05862844
0.05814062
0.05257259
0.04000929
0.02364542
0.00721549
-0.00912192
-0.02689226
-0.04667025
-0.06552796
-0.07958844
-0.08769107
-0.09137924
-0.09203607
-0.08921750
-0.08217727
-0.07051431
-0.05575681
-0.04141323
-0.03018760
-0.02020870
-0.00777980
0.00164051
0.00558942
0.01225444
0.03116128
0.07466512
0.15405467
0.27712319
0.44094960
0.62784666
0.80338818
0.90790896
0.89263715
0.74561799
0.48615128
0.16135300
-0.17467720
-0.47402034
-0.70105176
-0.83885840
-0.88904280
-0.86476131
-0.78757815
-0.67973745
-0.55649554
-0.42814234
-0.30397117
-0.19211094
-0.09560761
-0.01343613
0.05470584
0.10964369
0.15092920
0.17659691
0.18961736
0.19502020
0.19538305
0.18908022
0.17622784
0.16048097
0.14479670
0.13036975
0.11588110
0.10140662
0.08755274
0.07640831
0.06947949
0.06391969
0.05746318
0.05003486
0.04381014
0.04042578
0.03938717
0.03911546
0.03945007
0.04243366
0.04844274
0.05599735
0.06223986
0.06665349
0.07165541
0.07854756
0.08661563
0.09306326
0.09578964
0.09606287
0.09606633
0.09476399
0.08866628
0.07636476
0.06086554
0.04573148
0.03096986
0.01382971
-0.00827093
-0.03438488
-0.06196384
-0.09116221
-0.12312797
-0.15808681
-0.19444318
-0.22815960
-0.25676368
-0.27964932
-0.29658720
-0.30710180
-0.30890200
-0.30002943
-0.28380010
-0.26364418
-0.23855043
-0.20849059
-0.17420011
-0.13862039
-0.10573189
-0.07576790
-0.04659338
-0.01651903
0.01134210
0.03357212
0.04994973
0.06164619
0.07141174
0.07872004
0.08162171
0.08043485
0.07777117
0.07626691
0.07517714
0.07226201
0.06750557
0.06316577
0.06097650
0.05945117
0.05631233
0.05150591
0.04670480
0.04430282
0.04441113
0.04372108
0.03969988
0.03271591
0.02592071
0.02120272
0.01774648
0.01431812
0.01050760
0.00820570
0.00717096
0.00551813
0.00235909
-0.00128706
-0.00296470
-0.00249656
-0.00202829
-0.00267601
-0.00306573
-0.00049794
0.00535216
0.01130914
0.01435716
0.01447220
0.01450011
0.01610384
0.01776598
0.01775883
0.01755354
0.01884778
0.02289525
0.02890786
0.03399881
0.03706404
0.04007345
0.04400921
0.04849774
0.05267781
0.05479798
0.05523104
0.05598179
0.05749552
0.05844095
0.05616478
0.04929278
0.04024170
0.02988154
0.01674953
0.00037595
-0.01562969
-0.03122403
-0.04693892
-0.06208545
-0.07615321
-0.08605073
-0.08955567
-0.08685802
-0.08165554
-0.07637379
-0.07070481
-0.06278146
-0.05179856
-0.03945319
-0.02876370
-0.02090522
-0.01392909
-0.00573843
0.00743489
0.03323763
0.08419580
0.17499625
0.31261228
0.49006557
0.68162680
0.84207542
0.91791016
0.87283946
0.69750959
0.41536802
0.07870344
-0.25647197
-0.54074329
-0.74505079
-0.86118508
-0.89416656
-0.85851808
-0.77113616
-0.65333600
-0.52348069
-0.39412905
-0.27226052
-0.15968458
-0.06234720
0.01687765
0.07981270
0.12746146
0.16234254
0.18639913
0.19885341
0.20013893
0.19380330
0.18401573
0.17360734
0.16151118
0.14642253
0.12964814
0.11391723
0.10075462
0.08794580
0.07485449
0.06428817
0.05667366
0.05112131
0.04795059
0.04566438
0.04416057
0.04551974
0.05068701
0.05694593
0.06104707
0.06330172
0.06677010
0.07377483
0.08322765
0.08979573
0.09165677
0.09252923
0.09479090
0.09748669
0.09656835
0.09124069
0.08326540
0.07521686
0.06745048
0.05694090
0.04255335
0.02576367
0.00836604
-0.01096321
-0.03536227
-0.06595541
-0.10061287
-0.13641510
-0.17159743
-0.20646176
-0.24015923
-0.26933960
-0.29104623
-0.30330042
-0.30825466
-0.30843421
-0.30106520
-0.28486214
-0.26248910
-0.23572422
-0.20667993
-0.17489801
-0.14013836
-0.10453289
-0.06922274
-0.03727336
-0.00982467
0.01516965
0.03830389
0.05737638
0.07139862
0.08146110
0.08912465
0.09624922
0.10210746
0.10399574
0.10108051
0.09565844
0.09016481
0.08484705
0.07769690
0.06833016
0.05928313
0.05250971
0.04778517
0.04265608
0.03578465
0.02894749
0.02406947
0.02091654
0.01758995
0.01317238
0.00809460
0.00491134
0.00497628
0.00481706
0.00229792
-0.00139747
-0.00310867
-0.00156412
0.00079622
0.00149718
0.00033327
0.00051280
0.00391962
0.00804173
0.01035228
0.01061215
0.01091497
0.01343113
0.01536539
0.01402585
0.01129970
0.00980556
0.01152278
0.01565864
0.01930365
0.02241439
0.02607609
0.03055913
0.03603866
0.03931940
0.03856361
0.03744960
0.03939379
0.04362827
0.04726817
0.04919718
0.05026604
0.05226726
0.05435921
0.05259610
0.04462778
0.03273001
0.02047811
0.00737114
-0.00858805
-0.02718389
-0.04539713
-0.05925737
-0.06806094
-0.07421596
-0.07860552
-0.07979619
-0.07571444
-0.06661852
-0.05620905
-0.04686369
-0.03873732
-0.02970599
-0.01925669
-0.01034034
-0.00737415
-0.00695552
0.00133684
0.02525492
0.07453922
0.15951425
0.28723356
0.45643444
0.64794461
0.81799509
0.90832209
0.87708933
0.71560345
0.44727568
0.11888592
-0.21649695
-0.51028750
-0.72709891
-0.85259191
-0.89045371
-0.85765079
-0.77689816
-0.66619031
-0.53965040
-0.40944846
-0.28627516
-0.17648245
-0.08114468
0.00060995
0.06838520
0.12026969
0.15654648
0.18028521
0.19494321
0.20194015
0.20160349
0.19449607
0.18188788
0.16718843
0.15258232
0.13701918
0.11972460
0.10236354
0.08897126
0.07976972
0.07036903
0.05956522
0.04977265
0.04391786
0.04300867
0.04487760
0.04717817
0.04916846
0.05193065
0.05681981
0.06260472
0.06774443
0.07271538
0.07899067
0.08765801
0.09617115
0.10091700
0.10199257
0.10182044
0.10233233
0.10170867
0.09474853
0.08152186
0.06673241
0.05299819
0.03901636
0.02159398
0.00004384
-0.02434872
-0.04991876
-0.07751796
-0.10936610
-0.14590970
-0.18455638
-0.22046575
-0.25164308
-0.27838497
-0.30056011
-0.31606620
-0.32190884
-0.31726868
-0.30414448
-0.28608850
-0.26332293
-0.23402568
-0.19925127
-0.16278930
-0.12819855
-0.09541974
-0.06323416
-0.03067153
0.00026396
0.02644164
0.04782628
0.06568879
0.08225973
0.09603451
0.10431926
0.10744839
0.10809120
0.10732654
0.10385777
0.09679298
0.08723639
0.07834221
0.07143283
0.06525764
0.05771926
0.04834455
0.03903669
0.03181727
0.02652188
0.02020095
0.01170616
0.00462391
